add 597 976 130846216615903149
add 351 721 130846216618612134
add 577 1038 130846216998092378
add 365 715 130846217000144660
add 284 804 130846217054537041
add 193 935 130846217057342290
add 407 782 130846217063216353
add 261 1039 130846217065746839
add 402 921 130846217068025415
add 288 911 130846217080099650
add 267 734 130846217082039873
add 657 888 130846217084290102
add 662 902 130846217092784743
backspace
add 293 927 130846217119957623
add 258 754 130846217122153698
add 632 935 130846217123970674
add 636 905 130846217125259346
add 534 805 130846217153025600
add 475 1048 130846217153135622
add 355 790 130846217169918704
add 441 937 130846217171816509
add 264 792 130846217173837391
add 250 810 130846217188511893
add 197 1012 130846217190883269
add 398 841 130846217193853694
add 255 803 130846217195752849
add 378 828 130846217197523667
add 674 786 130846217288032625
add 296 777 130846217290542889
add 180 778 130846217293643447
add 359 1036 130846217298663958
add 144 878 130846217301141846
add 626 885 130846217305206516
backspace
add 443 798 130846217317371129
add 597 862 130846217322760578
add 519 769 130846217331240291
add 465 1039 130846217333115876
add 311 844 130846217335321675
backspace
backspace
add 686 779 130846217388730535
add 298 755 130846217391421549
add 178 778 130846217394097384
backspace
backspace
backspace
backspace
backspace
backspace
add 625 776 130846217421955956
add 268 804 130846217424420558
add 174 796 130846217426622185
add 314 1022 130846217429010947
add 142 861 130846217430829176
add 516 756 130846217433725701
add 604 875 130846217436205744
add 515 758 130846217437656888
add 438 1014 130846217440232662
add 300 861 130846217442310474
add 262 796 130846217466790636
add 526 739 130846217468776458
add 424 1018 130846217470985660
add 242 891 130846217472809051
backspace
add 255 781 130846217580442083
add 524 730 130846217582425622
add 463 1048 130846217582962671
add 284 866 130846217585472473
add 314 979 130846217623844775
add 275 818 130846217625556164
add 568 802 130846217627552537
add 508 1028 130846217630346804
add 313 782 130846217648454685
add 449 939 130846217649734418
add 236 801 130846217652127306
add 324 853 130846217670032231
add 142 938 130846217672558644
add 318 963 130846217674674137
add 466 798 130846217677051891
backspace
add 340 798 130846217755427638
add 221 937 130846217756685217
add 321 953 130846217762398635
add 457 802 130846217765451536
backspace
add 246 821 130846217813524619
add 134 946 130846217815445285
add 246 970 130846217818490427
add 448 809 130846217820800901
add 633 1031 130846223285094570
add 375 704 130846223287450392
add 163 828 130846223307968860
add 98 934 130846223310265391
add 369 800 130846223316672085
add 220 1030 130846223318889097
add 441 874 130846223321029391
add 336 924 130846223349907979
add 277 769 130846223351689466
add 608 933 130846223353599797
add 617 929 130846223355591972
add 523 769 130846223411148429
add 467 1011 130846223413593295
add 339 788 130846223429406138
add 391 934 130846223430918256
add 258 784 130846223433532537
add 306 810 130846223452259204
add 206 924 130846223454758731
add 345 818 130846223457019927
add 238 798 130846223458992935
add 314 826 130846223460410103
add 346 994 130846223621321509
add 441 952 130846223623254593
add 529 916 130846223625741097
add 452 800 130846223628976873
add 588 802 130846223656521570
add 409 761 130846223658400393
add 185 787 130846223661035247
add 279 1033 130846223662947240
add 472 966 130846223669525048
add 577 1065 130846232856282765
add 435 707 130846232858241621
add 563 1098 130846233098964368
add 344 753 130846233101514760
add 228 783 130846233127841611
add 157 840 130846233129031612
add 383 735 130846233132565966
add 222 1000 130846233134558008
add 366 890 130846233135799331
add 295 905 130846233146857049
add 280 718 130846233148599828
add 612 882 130846233150196766
add 622 879 130846233152187587
backspace
backspace
add 249 755 130846233212618006
add 166 920 130846233232141905
add 325 761 130846233232391851
add 271 1018 130846233232662220
add 453 878 130846233232812233
backspace
add 264 790 130846233246724500
add 166 904 130846233248802824
add 422 791 130846233250953197
add 279 1015 130846233253088088
add 478 902 130846233254280562
add 338 962 130846233270252229
add 269 795 130846233273066299
add 616 932 130846233274945958
add 628 925 130846233276081257
add 516 767 130846233322765910
add 427 1028 130846233325255549
add 295 758 130846233334862139
add 427 946 130846233336132121
add 264 787 130846233338383571
add 282 808 130846233348369044
add 165 962 130846233350161543
add 434 789 130846233352407882
add 221 853 130846233354592683
add 380 832 130846233359522436
add 655 764 130846233403881918
add 300 762 130846233408149493
add 380 760 130846233411139331
add 323 985 130846233412198281
add 164 815 130846233414296193
add 506 751 130846233417618607
add 585 888 130846233421410547
add 533 726 130846233421690538
add 412 1032 130846233423807499
add 294 856 130846233425501579
add 254 783 130846233445269394
add 558 746 130846233446389369
add 445 1074 130846233448761720
add 282 910 130846233450464606
add 321 933 130846233484955591
add 306 781 130846233487207862
add 592 767 130846233489618197
add 493 1015 130846233490975668
add 361 781 130846233509243461
add 428 909 130846233511170619
add 251 756 130846233512877681
add 297 822 130846233526316705
add 180 896 130846233527646764
add 307 920 130846233529519090
add 466 788 130846233531293890
add 427 1039 130846233596622047
add 268 769 130846233599075785
add 265 1023 130846233600871984
add 278 778 130846233601993134
add 383 788 130846233603938884
add 293 761 130846233611550738
add 591 760 130846233613385234
add 583 770 130846233614831113
add 306 753 130846233621035262
add 539 725 130846233624034024
add 318 1021 130846233624164855
add 443 863 130846233626066513
add 220 961 130846233668634502
add 421 1016 130846233670804986
add 251 929 130846233672539246
add 361 1049 130846233684402079
add 245 736 130846233686720127
add 239 1045 130846233688731367
add 229 804 130846233690127197
add 375 813 130846233691241563
add 423 816 130846233911890425
add 558 825 130846233914576816
add 553 811 130846233916994535
backspace
add 419 1065 130846234036356101
add 240 824 130846234040416266
add 342 1054 130846234045018176
add 257 793 130846234048888728
add 352 788 130846234051182211
add 382 808 130846234114550188
add 535 818 130846234118175464
add 540 812 130846234119890121
add 388 840 130846234136616325
add 436 947 130846234139658372
add 516 798 130846234142449094
add 408 1079 130846234144767686
backspace
add 372 808 130846234383064031
add 400 972 130846234395483198
add 539 855 130846234399791913
add 424 1074 130846234403435344
add 461 1060 130846234572240879
add 341 853 130846234578783535
add 273 849 130846234582742966
add 165 986 130846234585201344
add 417 850 130846234589499847
add 397 986 130846234592319474
add 538 862 130846234595343033
add 483 1087 130846234598027550
add 383 961 130846234600546368
add 549 855 130846234621705841
add 271 1017 130846234625342848
backspace
backspace
backspace
backspace
backspace
add 548 815 130846234776496394
add 240 964 130846234781065118
add 234 961 130846234884248746
add 505 817 130846234891051037
add 319 949 130846234894582158
add 332 948 130846234897334767
add 488 816 130846234900692706
add 314 1076 130846234906227195
add 452 847 130846234908910414
add 606 936 130846234912351147
add 350 845 130846234915749251
add 518 843 130846234954252990
add 360 1101 130846234988273765
add 208 1007 130846234995063842
add 454 1088 130846234999066779
add 279 988 130846235015862583
add 334 877 130846235019224217
add 338 875 130846235021325280
backspace
add 231 1063 130846235081630329
add 328 943 130846235086243739
add 323 953 130846235088572512
add 328 905 130846235234973700
add 411 1004 130846235239799728
add 252 903 130846235243635164
add 328 909 130846235264196312
add 505 900 130846235267160784
add 422 1138 130846235270664297
add 325 977 130846235273552827
add 171 967 130846235276271357
backspace
add 345 887 130846235380062005
add 573 859 130846235384512552
add 493 1113 130846235389438549
add 374 979 130846235393339799
add 195 982 130846235397561558
backspace
backspace
add 310 829 130846235521669509
add 594 847 130846235526072887
add 500 1110 130846235532356674
add 378 974 130846235537422297
add 199 992 130846235541350317
add 500 843 130846235729607729
add 329 1108 130846235733689293
backspace
backspace
backspace
add 498 859 130846235774059508
add 359 1157 130846235777651967
backspace
backspace
add 543 867 130846235876563357
add 435 1181 130846235885293672
backspace
add 541 884 130846236024418526
add 331 1165 130846236026965095
add 256 1000 130846236094140115
add 107 1018 130846236097276810
add 303 875 130846236101695983
add 489 872 130846236105314757
add 344 867 130846236110394369
add 410 1182 130846236114501114
backspace
backspace
add 269 979 130846236229902550
add 130 995 130846236232616964
add 293 856 130846236236664762
add 490 858 130846236244128805
add 344 845 130846236248610553
add 419 1143 130846236254337575
backspace
add 248 916 130846236357243239
add 78 890 130846236358483212
add 265 766 130846236360249365
add 423 762 130846236362124612
add 255 712 130846236363787312
add 400 966 130846236365711395
