add 342 896 130845949802916446
add 612 952 130845949813713555
add 628 785 130845949905970511
add 628 782 130845949907950961
add 419 884 130845950129809822
add 572 940 130845950134716324
add 662 902 130845950138418625
add 401 1014 130845950144290661
add 392 1133 130845950147210628
add 194 971 130845950150148467
add 343 1014 130845950473066340
add 483 847 130845950476016275
add 629 860 130845950478395913
add 281 953 130845950481370218
add 109 808 130845950484341895
add 349 750 130845950486108803
add 291 977 130845970748563691
add 609 763 130845970761589805
add 440 737 130845970767060482
add 191 731 130845970770274264
add 73 851 130845970774320938
add 120 1072 130845970778633517
add 351 1185 130845970782758489
add 593 1071 130845970787156186
add 565 919 130845970788935384
add 426 855 130845970792058988
add 287 794 130845970796473789
add 385 645 130845970800064340
add 646 647 130845970807282614
add 638 914 130845970812237091
add 624 1055 130845970814527065
add 508 816 130845970875644695
add 229 970 130845970883345592
add 640 842 130845970890061707
add 404 807 130845970894736804
add 198 784 130845970897429599
add 108 955 130845970900395144
add 271 1163 130845970904106062
add 472 1102 130845970906926049
add 540 935 130845970909865053
add 636 912 130845970912134464
add 597 815 130845970915587990
add 425 790 130845970918162081
add 254 884 130845970921331423
add 123 972 130845970923954967
add 172 1119 130845970926692694
add 375 1167 130845970929614949
backspace
backspace
backspace
backspace
backspace
backspace
backspace
backspace
backspace
backspace
add 527 1029 130845970978077152
add 392 740 130845970980403175
add 176 806 130845970997306414
add 418 731 130845971000071539
add 270 1050 130845971003473539
add 191 863 130845971006154634
add 520 882 130845971008403703
add 643 889 130845971011036252
add 147 1026 130845971042517067
add 100 938 130845971045357098
add 50 979 130845971049250332
add 77 741 130845971056186988
add 52 710 130845971059146976
add 44 664 130845971062599589
add 704 724 130845971071748320
add 701 716 130845971074913768
add 710 707 130845971077323446
add 700 896 130845971081658271
add 701 977 130845971084927433
add 665 1103 130845971087602432
add 558 1193 130845971092132170
add 365 1186 130845971094900138
add 148 1114 130845971100351803
add 59 1180 130845971101348373
add 18 1092 130845971104154843
add 22 1080 130845971107021882
add 15 1070 130845971109813604
add 622 1092 130845971117812233
add 546 944 130845971123408039
add 591 867 130845971126142975
add 583 799 130845971128224086
add 562 745 130845971130751817
add 554 700 130845971132242495
add 507 661 130845971134348110
add 367 727 130845971136537113
add 157 997 130845971519379428
add 376 794 130845971555448713
add 66 953 130845971562379525
add 44 933 130845971568176772
add 42 947 130845971572250685
add 708 897 130845971581191571
add 705 907 130845971586485761
add 706 896 130845971589147854
add 4 924 130845971592079484
add 707 885 130845971594606040
add 2 928 130845971596310209
add 709 880 130845971598703132
add 2 918 130845971600899875
add 711 881 130845971602013445
add 1 904 130845971605578004
add 422 625 130845971611930385
add 421 573 130845971614664335
add 422 530 130845971618154486
add 419 514 130845971620248868
add 424 491 130845971622914465
add 425 484 130845971624989223
add 412 1237 130845971631628323
add 411 1238 130845971633893274
add 402 1218 130845971636161751
add 400 1237 130845971638136294
add 399 1224 130845971640006368
add 3 992 130845971646928492
add 4 966 130845971650349160
add 2 939 130845971652947020
add 3 939 130845971653917039
add 690 950 130845971658509578
add 707 923 130845971662157059
add 704 900 130845971662731189
add 711 868 130845971664212912
add 713 848 130845971666519522
add 6 943 130845971669014591
add 710 835 130845971671927162
add 3 944 130845971673035848
add 708 830 130845971674959265
add 2 940 130845971676624951
add 711 818 130845971677787339
add 1 921 130845971678870398
add 710 815 130845971680140395
add 413 658 130845971685743006
add 392 588 130845971687781248
add 395 565 130845971689853615
add 407 533 130845971691810377
add 411 518 130845971693955310
add 415 504 130845971696235339
add 418 488 130845971697994385
add 418 481 130845971699736558
add 418 483 130845971701717911
add 386 1057 130845971706154767
add 390 1065 130845971708669043
add 402 1117 130845971710580544
add 408 1170 130845971712911124
add 406 1178 130845971714553513
add 407 1187 130845971716966327
add 403 1194 130845971718772702
add 410 1215 130845971721091977
add 418 1231 130845971722801980
add 411 1233 130845971724676071
add 409 1253 130845971727250095
add 408 1248 130845971729672069
add 407 1255 130845971731487742
add 406 1245 130845971733376982
add 405 1240 130845971735752264
add 401 1233 130845971737734083
add 400 1206 130845971739544841
add 399 1166 130845971741444939
add 396 1091 130845971743665831
add 405 1036 130845971745337783
add 403 931 130845971747085216
add 409 872 130845971749328528
add 420 793 130845971751268509
add 422 734 130845971753268854
add 427 657 130845971755372509
add 429 606 130845971757369041
add 442 673 130845971767768152
add 414 713 130845971768944955
add 394 810 130845971770844910
add 385 840 130845971772926945
add 365 889 130845971774550136
add 369 918 130845971776543990
add 403 966 130845971778614007
add 419 1043 130845971780722854
add 428 1055 130845971782239565
add 694 871 130845971785264483
add 711 873 130845971786561222
add 712 866 130845971788232050
add 711 863 130845971790562471
add 713 853 130845971792898054
add 697 857 130845971795944992
add 25 869 130845971836852056
add 9 895 130845971842488212
add 2 728 130845971848219580
add 10 665 130845971850601964
add 8 653 130845971856613764
add 5 644 130845971859420358
add 2 642 130845971861972577
add 716 558 130845971872973309
add 707 543 130845971876391530
add 714 515 130845971876881491
add 708 451 130845971882120193
add 716 473 130845971884827044
add 715 467 130845971887228414
add 3 477 130845971892920320
add 19 854 130845971899529995
add 17 808 130845971902014071
add 714 828 130845971907754322
add 712 839 130845971910994147
add 715 857 130845971913250437
add 288 999 130845972225032734
add 21 891 130845972237688448
add 33 890 130845972240549329
add 706 865 130845972246441522
add 19 924 130845972259158805
add 718 877 130845972262850007
add 1 917 130845972271889845
add 701 908 130845972274506974
add 4 686 130845972286518634
add 704 695 130845972289031561
add 51 799 130845972300283480
add 170 783 130845972304792087
add 320 765 130845972305805961
add 6 847 130845972517329963
add 710 793 130845972533030024
add 692 849 130845972541817690
add 18 807 130845972544697265
add 12 692 130845972548625578
add 694 675 130845972551282580
add 12 646 130845972554436646
add 307 935 130845972594077479
add 248 753 130845972596037463
add 606 924 130845972598817126
add 620 934 130845972600567192
add 521 763 130845972616898189
add 410 1084 130845972618250616
add 261 743 130845972624995879
add 367 897 130845972627502329
add 164 811 130845972629688741
add 180 810 130845972637059122
add 84 951 130845972639784287
add 352 788 130845972642814249
add 149 839 130845972644583846
add 265 803 130845972646843353
add 459 565 130845972665736109
add 460 546 130845972668561295
add 464 470 130845972675073279
add 473 456 130845972677994056
add 477 441 130845972682179407
add 530 457 130845972695640985
add 508 427 130845972698012740
add 366 532 130845972722711278
add 663 570 130845972729112127
add 437 591 130845972731599745
add 154 630 130845972734452944
add 414 1163 130845972749903576
add 416 1197 130845972752003603
add 404 1219 130845972753996681
add 389 1245 130845972760099604
add 388 1248 130845972762238190
add 381 1230 130845972764959665
add 327 1121 130845972775693640
add 146 981 130845972785758268
add 218 1171 130845972788883976
add 254 1253 130845972791074596
add 242 1247 130845972793154614
add 235 1238 130845972795453470
add 231 1230 130845972797998844
add 226 1214 130845972799363074
add 222 1224 130845972801432187
add 228 1160 130845972809652220
add 223 1175 130845972811670653
add 219 1181 130845972814082467
add 437 888 130845972819848330
add 489 709 130845972822354585
add 525 589 130845972824081127
add 546 538 130845972826236360
add 572 491 130845972828107439
add 589 470 130845972830148591
add 587 440 130845972832298455
add 591 430 130845972834178392
add 603 416 130845972836556562
add 619 405 130845972838539721
add 622 400 130845972841082791
add 626 389 130845972843305833
add 632 369 130845972844984692
add 438 356 130845972850168527
add 439 327 130845972853731079
add 444 328 130845972855739819
add 262 404 130845972862116529
add 263 351 130845972865096582
add 267 334 130845972867572653
add 259 362 130845972870680924
add 242 363 130845972872814799
add 160 387 130845972875864754
add 100 467 130845972878208824
add 74 550 130845972880546009
add 70 794 130845972883061604
add 162 946 130845972885760428
add 216 1025 130845972888039384
add 312 1112 130845972890119392
add 350 1183 130845972892045118
add 374 1246 130845972894249213
add 380 1265 130845972896412107
add 379 1268 130845972898455255
add 382 1266 130845972900746978
add 380 1271 130845972902746928
add 375 1258 130845972904529364
add 192 968 130845975513520883
add 574 941 130845975519182964
add 102 883 130845975543789518
add 250 908 130845975546079645
add 458 904 130845975548702147
add 605 946 130845975551990045
add 104 815 130845975567268025
add 285 854 130845975569510300
add 388 873 130845975571211774
add 527 883 130845975572811822
add 588 917 130845975575158105
add 58 860 130845975584363346
add 248 669 130845975589655417
add 146 680 130845975600565545
add 315 702 130845975603431295
add 427 705 130845975605521290
add 548 731 130845975608056292
add 632 758 130845975610079442
add 282 847 130845975622553615
add 414 791 130845975636884442
add 411 767 130845975638771203
add 209 803 130845975647293211
add 430 786 130845975650386549
add 606 803 130845975656400510
add 548 983 130845975663293260
add 533 1106 130845975664339273
add 226 1046 130845975671032465
add 88 1055 130845975676642111
add 89 821 130845975678728052
add 246 709 130845975682963328
add 505 731 130845975686700401
add 637 770 130845975689899328
add 476 918 130845975693409532
add 427 1088 130845975696649491
add 247 1091 130845975699809139
add 181 854 130845975702777815
add 430 727 130845975705160085
add 598 848 130845975719597045
add 590 794 130845975722382229
add 646 798 130845975724562227
add 647 859 130845975727003074
add 644 877 130845975729383328
add 638 878 130845975731591632
add 639 877 130845975734100227
add 637 889 130845975736141753
add 627 885 130845975740871707
add 624 886 130845975742695591
add 613 894 130845975745462959
add 590 922 130845975747848087
add 407 983 130845975751188076
add 275 899 130845975753777782
add 135 950 130845975756344329
add 106 1077 130845975758725070
add 287 1196 130845975761949228
add 541 1099 130845975764239207
add 593 931 130845975767022318
add 521 789 130845975769223540
add 344 768 130845975770972682
add 250 794 130845975778223296
add 434 754 130845975781411491
add 526 797 130845975783687276
backspace
add 548 972 130845976688962818
add 379 747 130845976691912917
add 515 713 130845976722018090
add 325 750 130845976724797906
backspace
backspace
backspace
add 179 919 130845977498546172
add 379 863 130845977501846247
backspace
backspace
add 254 901 130845977934486309
add 61 841 130845977938406197
add 482 960 130845977941876185
backspace
backspace
add 259 976 130845978378788482
add 529 881 130845978380208497
add 595 872 130845978382278478
add 341 719 130845978384338483
add 180 804 130845978385828494
add 85 920 130845978387828526
backspace
backspace
backspace
backspace
backspace
backspace
backspace
backspace
backspace
add 110 895 130845978421638514
add 526 1043 130845979947737629
add 342 797 130845979949627644
add 450 904 130845979990000410
add 532 877 130845979992470395
backspace
backspace
backspace
backspace
backspace
backspace
backspace
backspace
backspace
backspace
backspace
backspace
backspace
backspace
backspace
backspace
backspace
backspace
backspace
backspace
backspace
backspace
backspace
add 196 872 130845980939307488
add 482 848 130845980942317468
add 381 839 130845981471722960
add 568 788 130845981473422823
add 435 946 130845981476821287
add 223 819 130845981479498307
add 291 1003 130845983300697899
add 430 888 130845984263122536
add 460 889 130845984265582525
add 596 855 130845984268168690
add 545 933 130845984270814941
add 347 967 130845984272709780
add 174 967 130845984275367639
backspace
backspace
backspace
backspace
backspace
backspace
backspace
add 491 862 130845984323959056
add 196 871 130845984328776704
add 554 836 130845984331948335
add 531 717 130845984334379228
add 312 682 130845984337341227
add 377 959 130845984340845043
add 530 1056 130845984343462367
add 654 866 130845984346966193
add 510 777 130845984350754496
add 326 819 130845984355366433
add 108 874 130845984358379538
add 117 1046 130845984361379881
add 319 1129 130845984366298632
add 470 1123 130845984368498858
add 374 792 130845984371177721
add 593 829 130845984372824939
add 593 976 130845984375999433
backspace
backspace
backspace
backspace
backspace
backspace
backspace
backspace
backspace
backspace
backspace
backspace
backspace
backspace
backspace
backspace
backspace
backspace
add 552 983 130845984443745201
add 365 740 130845984446378449
backspace
backspace
add 425 863 130846004141563274
add 461 629 130846004151211538
add 443 484 130846004155786574
add 263 646 130846004163657405
add 140 670 130846004168731259
add 75 773 130846004172574131
add 102 919 130846004175512828
add 206 1099 130846004179679386
add 305 1071 130846004181653478
add 427 1062 130846004184405102
add 554 1013 130846004186723750
add 620 953 130846004188479625
add 665 836 130846004190934831
add 620 737 130846004193211046
add 478 810 130846004194606610
add 429 860 130846004196667903
add 384 940 130846004198717906
add 229 971 130846004201282508
add 156 906 130846004203402835
add 292 817 130846004205184266
add 369 808 130846004207091446
add 394 878 130846004209264223
add 508 790 130846004211144196
add 441 748 130846004213173303
add 461 749 130846004215335140
add 297 826 130846004217726781
add 239 863 130846004219361042
add 162 924 130846004221272753
add 111 901 130846004223271266
add 84 881 130846004225671261
add 53 998 130846004227744665
add 121 1101 130846004229580280
add 157 1088 130846004231871197
add 588 932 130846004237342069
add 608 893 130846004239372090
add 589 840 130846004241778474
add 626 779 130846004244553410
add 654 743 130846004246838842
add 648 778 130846004249370248
add 655 836 130846004250650227
add 617 985 130846004253339419
add 575 1080 130846004255234314
add 510 1098 130846004256607139
add 443 1087 130846004259458070
add 678 895 130846004265026704
add 705 870 130846004266206719
add 709 862 130846004268391325
add 710 871 130846004270357458
add 81 902 130846004274799477
add 55 925 130846004276096970
add 43 915 130846004278586937
add 31 915 130846004280221531
add 16 908 130846004281374457
add 46 896 130846004286428703
add 35 907 130846004288230418
add 32 783 130846004291398432
add 22 701 130846004293514263
add 26 711 130846004295517559
add 39 690 130846004297536054
add 31 704 130846004299933309
add 32 719 130846004301017979
add 713 780 130846004305162092
add 710 749 130846004307223323
add 713 719 130846004308345649
add 706 713 130846004310721412
add 704 702 130846004312488038
add 710 698 130846004313825501
add 439 1213 130846004323384557
add 437 1213 130846004324949027
add 434 1230 130846004327542895
add 435 1222 130846004328642949
add 431 1201 130846004330908680
add 418 1177 130846004333358740
add 424 1119 130846004334777339
add 423 1076 130846004336611912
add 411 1008 130846004338743267
add 411 961 130846004340119381
add 425 912 130846004341627250
add 437 908 130846004343799874
add 396 914 130846004361291268
add 494 856 130846004362803037
add 446 933 130846004365165279
add 280 1066 130846004367052533
add 116 895 130846004370947224
add 84 833 130846004371147280
add 47 792 130846004372987211
add 617 798 130846004382976814
add 651 746 130846004387845337
add 120 857 130846004394070069
add 512 900 130846004397278201
add 576 1028 130846004423632229
add 396 738 130846004426162187
add 104 963 130846004433592213
backspace
add 275 769 130846004446830000
add 110 952 130846004449053832
add 428 797 130846004452583799
add 268 1069 130846004454593355
add 516 898 130846004456424849
add 295 977 130846004471149174
add 214 789 130846004473526641
add 578 887 130846004475777645
add 566 896 130846004477002695
add 487 791 130846004485576141
add 437 1000 130846004487825755
add 266 782 130846004490751807
add 416 894 130846004492271797
add 228 770 130846004494081830
add 193 808 130846004510577896
add 97 1004 130846004512871113
add 337 810 130846004515164032
add 194 845 130846004522288793
add 292 818 130846004524716385
add 125 574 130846004578776258
add 70 561 130846004588083926
add 533 938 130846110227244337
add 568 964 130846110230450725
add 426 923 130846110339827721
add 421 1019 130846110353163959
add 409 1023 130846110354903956
add 318 1046 130846110360112762
add 218 1008 130846110362367373
add 607 962 130846110469397948
add 314 967 130846115651236842
add 551 921 130846115653556820
add 276 879 130846131510060152
add 581 900 130846131519216458
add 474 898 130846131526942383
add 464 731 130846131532794821
add 520 955 130846132413218010
add 389 734 130846132415928037
add 194 981 130846132425382449
add 536 829 130846132427921664
add 391 936 130846132438343699
add 255 888 130846132442354785
add 418 961 130846133258975632
add 516 820 130846133261125630
add 324 733 130846133264271084
add 144 868 130846133266289508
add 415 947 130846133268625024
add 484 891 130846133413062086
add 418 766 130846133415282079
add 200 890 130846133417962574
add 471 898 130846133422160369
add 635 820 130846133424161396
add 406 871 130846134716409849
add 567 891 130846134719690645
add 487 1064 130846134723128633
add 205 971 130846134725784839
add 185 804 130846134727972355
add 575 959 130846135183226390
add 260 912 130846135186466446
add 262 1081 130846135188215280
add 470 1068 130846135190726785
add 547 906 130846135192846471
add 351 972 130846135250761234
add 504 931 130846135252931261
add 569 990 130846135254659450
add 563 1071 130846135257305722
add 359 1075 130846135259475728
add 244 908 130846135262087736
add 251 803 130846135264482943
add 499 863 130846135266202932
add 570 916 130846135268705175
add 99 835 130846135346487362
add 260 799 130846135348987373
add 365 828 130846135350920026
add 593 888 130846135353850420
