my watch fell in the water
515 930 130843532042877814
339 769 130843532044144369
*
198 789 130843532070764706
152 961 130843532072130009
310 776 130843532074247694
233 988 130843532076345879
390 886 130843532078154123
*
332 922 130843532104320527
305 721 130843532104360533
519 836 130843532104867414
555 841 130843532107549757
*
454 738 130843532196564409
344 934 130843532198954938
*
293 751 130843532212827729
364 909 130843532214670570
200 775 130843532216969628
*
280 801 130843532246102369
183 999 130843532248111633
418 800 130843532249748332
211 820 130843532251749463
317 794 130843532254042937

